Epsilon: 0.90000
Beta: 0.00050
Gamma: 0.80000
Eta: 0.00700
