Epsilon: 0.10000
Beta: 0.00005
Gamma: 0.85000
Eta: 0.00500
