Epsilon: 0.10000
Beta: 0.00050
Gamma: 1.00000
Eta: 0.05000
