Epsilon: 0.10000
Beta: 0.00050
Gamma: 0.80000
Eta: 0.00350
Epsilon: 0.10000
Beta: 0.00050
Gamma: 0.80000
Eta: 0.00350
