Epsilon: 0.20000
Beta: 0.00050
Gamma: 1.00000
Eta: 0.05000
