Epsilon: 0.90000
Beta: 0.00005
Gamma: 0.85000
Eta: 0.05000
