Epsilon: 0.20000
Beta: 0.00005
Gamma: 1.00000
Eta: 0.05000
