Epsilon: 0.90000
Beta: 0.00500
Gamma: 1.00000
Eta: 0.00350
